                                 OLS Regression Results                                
=======================================================================================
Dep. Variable:     englishmarks_12_dm   R-squared (uncentered):                   0.042
Model:                            OLS   Adj. R-squared (uncentered):              0.033
Method:                 Least Squares   F-statistic:                              6.399
Date:                Tue, 06 Jan 2026   Prob (F-statistic):                   4.42e-131
Time:                        18:26:19   Log-Likelihood:                         -81997.
No. Observations:               21855   AIC:                                  1.644e+05
Df Residuals:                   21663   BIC:                                  1.659e+05
Df Model:                         192                                                  
Covariance Type:              cluster                                                  
==============================================================================
                 coef    std err          z      P>|z|      [0.025      0.975]
------------------------------------------------------------------------------
501601_mpc     1.1906      0.590      2.017      0.044       0.034       2.348
501602_bpc     0.8404      0.416      2.020      0.043       0.025       1.656
501801_mpc     0.5044      0.422      1.197      0.231      -0.322       1.331
501802_bpc     0.8950      0.410      2.182      0.029       0.091       1.699
501903_mec    -1.9307      0.684     -2.821      0.005      -3.272      -0.590
501904_cec    -1.3152      0.595     -2.210      0.027      -2.482      -0.149
502004_cec    -0.6933      0.637     -1.088      0.277      -1.942       0.556
502005_hec    -0.9964      1.106     -0.901      0.368      -3.164       1.172
502101_mpc     0.1481      0.447      0.331      0.740      -0.728       1.024
502102_bpc     0.2538      0.404      0.628      0.530      -0.538       1.046
502201_mpc     0.7252      0.738      0.982      0.326      -0.722       2.173
502202_bpc    -3.8803      0.605     -6.414      0.000      -5.066      -2.695
502504_cec     1.2010      1.022      1.176      0.240      -0.801       3.203
502505_hec    -0.0408      1.577     -0.026      0.979      -3.132       3.050
502701_mpc    -0.4221      1.054     -0.400      0.689      -2.489       1.644
502702_bpc     3.4235      0.743      4.610      0.000       1.968       4.879
502801_mpc     1.6118      1.534      1.050      0.293      -1.395       4.619
502802_bpc    -0.3622      0.595     -0.609      0.543      -1.528       0.804
503001_mpc    -2.6183      1.337     -1.959      0.050      -5.238       0.002
503002_bpc    -2.0347      1.116     -1.823      0.068      -4.222       0.153
503101_mpc    -1.6067      0.501     -3.210      0.001      -2.588      -0.626
503102_bpc    -0.6848      0.745     -0.919      0.358      -2.145       0.776
503201_mpc     3.2749      0.898      3.648      0.000       1.515       5.034
503202_bpc     3.5046      0.743      4.720      0.000       2.049       4.960
503301_mpc    -2.6080      0.828     -3.148      0.002      -4.232      -0.984
503302_bpc    -0.3731      0.798     -0.467      0.640      -1.938       1.192
503601_mpc     1.5818      0.877      1.803      0.071      -0.138       3.301
503602_bpc    -0.4080      0.699     -0.584      0.559      -1.778       0.962
503801_mpc     6.0717      0.938      6.474      0.000       4.233       7.910
503802_bpc     4.0017      0.709      5.642      0.000       2.612       5.392
503904_cec     1.5019      1.416      1.060      0.289      -1.274       4.278
503905_hec     3.9022      1.604      2.432      0.015       0.758       7.047
504001_mpc    -4.1888      0.945     -4.432      0.000      -6.041      -2.336
504002_bpc    -3.4799      0.900     -3.865      0.000      -5.245      -1.715
504201_mpc    -4.9440      1.141     -4.334      0.000      -7.180      -2.708
504202_bpc    -1.1716      0.580     -2.020      0.043      -2.309      -0.035
504401_mpc    -1.2224      0.930     -1.314      0.189      -3.045       0.600
504402_bpc     1.0209      0.740      1.379      0.168      -0.430       2.472
504503_mec    -2.8312      0.950     -2.981      0.003      -4.693      -0.970
504504_cec    -3.0428      1.844     -1.650      0.099      -6.657       0.571
504701_mpc     0.2750      0.970      0.284      0.777      -1.626       2.176
504702_bpc     0.0864      0.700      0.123      0.902      -1.285       1.458
504903_mec     2.8851      0.880      3.279      0.001       1.161       4.610
504904_cec     5.7744      1.910      3.023      0.003       2.031       9.518
505101_mpc     4.1265      0.492      8.379      0.000       3.161       5.092
505102_bpc     2.2982      0.567      4.055      0.000       1.187       3.409
505203_mec    -1.5458      1.628     -0.950      0.342      -4.736       1.645
505204_cec    -0.4247      0.943     -0.450      0.653      -2.273       1.424
505301_mpc    -2.4578      0.701     -3.504      0.000      -3.833      -1.083
505302_bpc     0.1191      0.474      0.251      0.802      -0.810       1.048
505401_mpc     0.4985      0.600      0.830      0.406      -0.678       1.675
505402_bpc     0.0148      0.626      0.024      0.981      -1.211       1.241
505501_mpc     3.1299      0.591      5.299      0.000       1.972       4.288
505502_bpc     2.4006      0.601      3.993      0.000       1.222       3.579
505601_mpc    -1.0962      0.618     -1.773      0.076      -2.308       0.115
505602_bpc    -1.9723      0.538     -3.668      0.000      -3.026      -0.918
505701_mpc    -4.8469      0.899     -5.394      0.000      -6.608      -3.086
505702_bpc    -3.2040      0.622     -5.147      0.000      -4.424      -1.984
505801_mpc    -0.6598      0.724     -0.911      0.362      -2.080       0.760
505802_bpc     1.1720      0.457      2.566      0.010       0.277       2.067
505901_mpc     1.1936      0.552      2.163      0.031       0.112       2.275
505902_bpc     0.0923      0.295      0.313      0.754      -0.486       0.671
506001_mpc     0.1119      0.662      0.169      0.866      -1.186       1.410
506002_bpc    -1.2095      0.551     -2.197      0.028      -2.289      -0.130
506101_mpc     1.7997      1.040      1.731      0.084      -0.238       3.838
506102_bpc     2.6382      1.014      2.602      0.009       0.651       4.625
506201_mpc     0.3130      0.490      0.638      0.523      -0.648       1.274
506202_bpc     0.3658      0.619      0.591      0.555      -0.848       1.579
506301_mpc    -3.0504      0.841     -3.627      0.000      -4.699      -1.402
506302_bpc    -1.2279      0.725     -1.694      0.090      -2.649       0.193
506404_cec     1.4176      0.589      2.407      0.016       0.263       2.572
506501_mpc     0.3707      0.844      0.439      0.660      -1.283       2.025
506502_bpc    -0.3435      0.538     -0.638      0.523      -1.399       0.712
506601_mpc     3.1659      1.129      2.805      0.005       0.954       5.378
506602_bpc     2.8594      0.824      3.468      0.001       1.244       4.475
506701_mpc     2.8940      1.093      2.648      0.008       0.752       5.036
506702_bpc     0.0167      0.638      0.026      0.979      -1.234       1.268
506801_mpc    -1.7011      1.152     -1.477      0.140      -3.959       0.557
506802_bpc    -0.4058      0.787     -0.516      0.606      -1.948       1.137
506903_mec     1.3360      1.216      1.098      0.272      -1.048       3.720
506904_cec     0.7629      0.875      0.872      0.383      -0.952       2.478
507001_mpc    -2.1560      0.935     -2.306      0.021      -3.989      -0.323
507002_bpc    -2.8131      0.597     -4.716      0.000      -3.982      -1.644
507201_mpc     2.9464      1.330      2.216      0.027       0.340       5.553
507202_bpc     0.5190      0.573      0.906      0.365      -0.604       1.642
507301_mpc    -3.1896      0.894     -3.569      0.000      -4.941      -1.438
507302_bpc     0.2020      0.566      0.357      0.721      -0.907       1.311
507401_mpc     2.2362      0.497      4.500      0.000       1.262       3.210
507402_bpc     1.1004      0.364      3.024      0.002       0.387       1.814
507501_mpc     1.1768      0.521      2.260      0.024       0.156       2.197
507502_bpc     1.1113      0.433      2.568      0.010       0.263       1.960
507601_mpc    -2.4774      0.635     -3.903      0.000      -3.721      -1.233
507602_bpc    -0.9470      0.492     -1.925      0.054      -1.911       0.017
507701_mpc     0.4121      0.351      1.173      0.241      -0.277       1.101
507702_bpc     0.0236      0.483      0.049      0.961      -0.923       0.970
507801_mpc    -0.0703      0.719     -0.098      0.922      -1.479       1.339
507802_bpc     2.3040      0.461      5.003      0.000       1.401       3.207
507904_cec     0.8676      1.377      0.630      0.529      -1.831       3.567
508001_mpc    -1.8665      0.524     -3.565      0.000      -2.893      -0.840
508002_bpc    -1.4630      0.487     -3.004      0.003      -2.418      -0.508
508101_mpc     0.8148      0.433      1.881      0.060      -0.034       1.664
508102_bpc    -2.2434      0.662     -3.389      0.001      -3.541      -0.946
508201_mpc     0.0545      0.498      0.109      0.913      -0.922       1.031
508202_bpc     0.8164      0.409      1.998      0.046       0.016       1.617
508301_mpc    -1.3304      0.549     -2.422      0.015      -2.407      -0.254
508302_bpc    -3.4930      0.500     -6.991      0.000      -4.472      -2.514
508401_mpc     0.4400      0.471      0.934      0.350      -0.483       1.363
508402_bpc    -1.3308      0.563     -2.364      0.018      -2.434      -0.228
508501_mpc    -0.8181      0.504     -1.622      0.105      -1.807       0.171
508502_bpc     0.2390      0.427      0.559      0.576      -0.598       1.076
508701_mpc     2.2398      0.524      4.272      0.000       1.212       3.267
508702_bpc     3.8529      0.688      5.602      0.000       2.505       5.201
508801_mpc     1.0211      0.613      1.665      0.096      -0.181       2.223
508802_bpc    -1.7954      0.834     -2.153      0.031      -3.430      -0.161
508903_mec    -0.8680      1.646     -0.527      0.598      -4.095       2.359
508904_cec    -2.5982      1.803     -1.441      0.150      -6.133       0.936
509001_mpc     0.3150      0.402      0.783      0.433      -0.473       1.103
509002_bpc     2.6079      0.607      4.298      0.000       1.419       3.797
509104_cec    -6.5313      2.386     -2.737      0.006     -11.209      -1.854
509105_hec    -7.2459      4.261     -1.701      0.089     -15.597       1.105
509201_mpc    -0.8682      0.561     -1.548      0.122      -1.967       0.231
509202_bpc    -1.4957      0.634     -2.358      0.018      -2.739      -0.253
509301_mpc     0.0363      0.554      0.066      0.948      -1.049       1.122
509302_bpc     1.2754      0.587      2.174      0.030       0.125       2.426
509401_mpc     2.0042      0.543      3.688      0.000       0.939       3.069
509402_bpc     0.6149      0.563      1.092      0.275      -0.489       1.719
509501_mpc     0.5801      0.600      0.966      0.334      -0.597       1.757
509502_bpc    -0.8237      0.427     -1.930      0.054      -1.660       0.013
510101_mpc     2.3130      1.064      2.174      0.030       0.228       4.398
510102_bpc     0.4339      0.945      0.459      0.646      -1.418       2.285
511201_mpc     0.9315      1.077      0.865      0.387      -1.180       3.043
511202_bpc    -1.1855      0.915     -1.296      0.195      -2.979       0.608
511303_mec     1.7306      0.848      2.042      0.041       0.069       3.392
511304_cec    -0.9043      0.706     -1.280      0.200      -2.289       0.480
511401_mpc     2.4639      0.931      2.647      0.008       0.640       4.288
511402_bpc    -2.1843      0.852     -2.564      0.010      -3.854      -0.514
511603_mec     0.5131      0.721      0.711      0.477      -0.901       1.927
511604_cec     0.6437      0.723      0.890      0.374      -0.774       2.062
511701_mpc    -2.4108      0.879     -2.743      0.006      -4.133      -0.688
511702_bpc    -4.7315      1.280     -3.696      0.000      -7.240      -2.223
511801_mpc     2.9613      0.990      2.991      0.003       1.021       4.902
511802_bpc     4.9894      0.995      5.017      0.000       3.040       6.939
511901_mpc     0.3298      0.950      0.347      0.729      -1.532       2.192
511902_bpc     3.1644      0.979      3.231      0.001       1.245       5.084
512104_cec    -1.4171      0.691     -2.050      0.040      -2.772      -0.062
512201_mpc    -0.4214      1.054     -0.400      0.689      -2.487       1.644
512202_bpc    -0.8627      1.059     -0.815      0.415      -2.938       1.213
512401_mpc    -2.9500      0.929     -3.177      0.001      -4.770      -1.130
512402_bpc    -1.8699      0.950     -1.969      0.049      -3.731      -0.008
512501_mpc    -3.2706      1.148     -2.848      0.004      -5.522      -1.020
512502_bpc    -6.4327      1.177     -5.465      0.000      -8.740      -4.126
512601_mpc     5.2660      1.117      4.714      0.000       3.077       7.455
512602_bpc     6.9332      1.432      4.842      0.000       4.127       9.740
512701_mpc    -0.3636      0.882     -0.412      0.680      -2.093       1.366
512702_bpc    -2.0975      1.392     -1.507      0.132      -4.825       0.630
512801_mpc    -0.7883      1.129     -0.698      0.485      -3.001       1.425
512802_bpc    -3.8823      0.948     -4.097      0.000      -5.739      -2.025
512901_mpc     2.4993      1.191      2.099      0.036       0.165       4.833
512902_bpc     3.1480      1.240      2.539      0.011       0.718       5.578
513103_mec    -1.1237      0.629     -1.786      0.074      -2.357       0.109
513104_cec    -5.3333      0.910     -5.858      0.000      -7.118      -3.549
513201_mpc     1.4957      1.657      0.903      0.367      -1.751       4.743
513202_bpc     2.7546      2.821      0.977      0.329      -2.774       8.283
513403_mec     2.6279      0.972      2.704      0.007       0.723       4.532
513404_cec    -1.7082      1.194     -1.430      0.153      -4.049       0.633
513503_mec     1.4129      0.688      2.054      0.040       0.065       2.761
513504_cec    -0.1555      0.589     -0.264      0.792      -1.310       0.999
513601_mpc     1.5096      0.933      1.619      0.106      -0.318       3.338
513602_bpc    -1.6865      1.224     -1.378      0.168      -4.086       0.713
513704_cec    -2.2103      0.603     -3.667      0.000      -3.392      -1.029
513903_mec     2.8281      0.644      4.388      0.000       1.565       4.091
513904_cec     1.5445      0.637      2.423      0.015       0.295       2.794
514001_mpc     1.5529      1.169      1.329      0.184      -0.738       3.844
514002_bpc    -2.1623      1.269     -1.704      0.088      -4.649       0.325
514201_mpc     1.6043      0.728      2.204      0.028       0.178       3.031
514202_bpc     1.4822      0.661      2.243      0.025       0.187       2.777
514301_mpc     2.4624      1.304      1.888      0.059      -0.094       5.018
514302_bpc     2.7397      1.852      1.480      0.139      -0.889       6.369
514401_mpc     5.1467      1.533      3.358      0.001       2.143       8.150
514402_bpc     3.4559      2.488      1.389      0.165      -1.421       8.333
514501_mpc    -8.3668      1.709     -4.897      0.000     -11.716      -5.018
514502_bpc    -4.4157      1.420     -3.110      0.002      -7.198      -1.633
514601_mpc     5.1317      1.244      4.125      0.000       2.693       7.570
514602_bpc     2.4188      1.075      2.249      0.024       0.311       4.526
514701_mpc     0.9032      0.672      1.343      0.179      -0.415       2.221
514702_bpc    -4.1195      0.887     -4.647      0.000      -5.857      -2.382
514801_mpc     0.9756      0.768      1.270      0.204      -0.530       2.481
514802_bpc    -0.5167      0.829     -0.624      0.533      -2.141       1.107
514901_mpc    -0.5302      0.711     -0.745      0.456      -1.924       0.864
514902_bpc    -1.3059      0.854     -1.529      0.126      -2.980       0.368
515001_mpc    -2.7811      1.436     -1.937      0.053      -5.595       0.033
515002_bpc    -1.2377      0.577     -2.145      0.032      -2.369      -0.107
==============================================================================
Omnibus:                     1377.612   Durbin-Watson:                   2.365
Prob(Omnibus):                  0.000   Jarque-Bera (JB):             2039.189
Skew:                          -0.538   Prob(JB):                         0.00
Kurtosis:                       4.040   Cond. No.                         6.44
==============================================================================

Notes:
[1] R² is computed without centering (uncentered) since the model does not contain a constant.
[2] Standard Errors are robust to cluster correlation (cluster)